Ra 174 119 142
Ra 176 103 134
Ra 169 101 136
Ra 170 103 134
Ra 172 104 135
Ra 162 105 129
Ra 170  99 131
Ra 170 105 131
Ra 170 104 133
Ra 177 105 141
Ra 173 106 137
Ra 170 106 132
Ra 177 100 133
Ra 175 100 133
Ra 172 102 133
Ra 175 100 133
Ra 166 105 133
Ra 172 102 133
Ra 175 100 132
Ra 170  91 126
Ra 175  99 134
Ra 170 112 137
Ra 178 100 135
Ra 168 104 133
Ra 170  99 132
Ra 169 100 130
Ra 172  98 130
Ra 174 110 137
Ra 175  99 134
Ra 173 102 132
Ra 169 104 133
Ra 175  94 130
Ra 172 102 132
Ra 177 100 132
Ra 178  96 130
Ra 174 108 134
Ra 170  99 131
Ra 176 100 133
Ra 178  95 132
Ra 170 104 132
Ra 174  96 127
Ra 173 108 135

Rb 0 107 136
Rb 0  97 134
Rb 2 111 136
Rb 2 107 134
Rb 0  95 137
Rb 2 109 138

G 60 16 81
G 73 41 87
G 80 54 85
G 103  39  91
G 80 51 90
G 80 27 86
G 51 39 85
G 107  27  86
G 102  79  97
G 95 56 91
G 92 48 90
G 93 67 88
G 90 39 84
G 87 59 86
G 124  21  87
G 96 40 89
G 100  34  90
G 80 36 86
G 83 62 87
G 37 28 82
G 85 36 86
G 106  58  97
G 90 38 87
G 96 67 92
G 96 67 91
G 113  66 101
G 80  9 84
G 107  65  98
G 93 35 87
G 99 60 89
G 79 25 83
G 80 53 87
G 83 62 87

B 112 157 114
B 113 143 109
B 115 136 105
B 113 156 116
B 110 158 108
B 111 128  96
B 112 142 106
B 110 125  94
B 112 149 111
B 114 150 114
B 110 146 105
B 111 134 101
B 113 146 110
B 114 142 111
B 112 140 104
B 113 138 107
B 113 118  97
B 108 145  95
B 113 153 112
B 115 160 126
B 112 131 105
B 113 136 105
B 111 144 101
B 108 103  82
B 111 149 106
B 108 139  99
B 114 131 105
B 111 142 106

Y 26 115 144
Y 25  98 143
Y 28  89 137
Y 25 123 145
Y 24 120 147
Y 24  97 147
Y 25 131 146
Y 27  77 139
Y 24 116 147
Y 27  83 136
Y 24  90 144
Y 22 107 145
Y 23  86 145
Y 25  97 145
Y 23  96 144
Y 26  97 140
Y 26 110 142
Y 26 112 143
Y 26 114 141
Y 25 130 147
Y 24 115 146
Y 25 117 144
Y 25  89 141
Y 25  98 143
