170 148 189
170 148 189
170 147 189
170 147 189
170 146 189
170 146 189
170 146 190
170 146 190
170 146 190
170 146 190
170 146 191
170 146 191
170 146 190
170 146 190
170 146 190
170 146 189
170 146 189
170 146 189
170 147 189
170 147 189
170 147 189
170 147 189
170 148 188
170 152 178
170 152 178
170 135 179
170 135 179
170 135 179
170 136 178
170 136 178
170 136 178
 20 144 174
 20 144 174
 20 144 174
170 138 177
170 138 177
170 138 177
170 138 177
170 138 177
170 140 180
170 140 180
170 140 180
170 136 178
170 136 178
170 136 178
170 146 194
170 145 192
170 145 192
170 145 192
170 145 192
170 145 192
170 145 192
170 142 192
170 142 192
170 142 192
170 146 194
170 146 194
170 146 194
170 146 194
170 146 191
  0 255 255
  0 255 255
  0 255 255
  0 255 255
  0 255 255
  0 255 255
  0 255 255
  0 255 255
  0 255 255
  0 255 255
170 219 134
170 219 134
170 219 134
170 219 134
170 215 134
170 215 134
170 217 134
170 217 134
170 217 134
170 222 132
170 222 132
170 222 132
170 218 132
170 218 132
170 218 132
170 218 132
170 218 132
